SRX25048037_SRR29540650	SRX25048037_SRR29540650	0.393121877569432	-0.0129382072093078	14.6483163028293	0.133573851295047	0.526695728864479	5.82450695546513	20.4728232582945	0.974401390749687	0.987339597958995	714.50847661853	757.323053744555
SRX27341371_SRR31986664	SRX27341371_SRR31986664	0.45867982735116	0.0266231092206791	10.8170262211584	0.0775057487510535	0.536185576102213	3.95395558516403	14.7709818063224	1.00489300566768	0.978269896446997	724.406702934422	708.045022776689
SRX27341537_SRR31986498	SRX27341537_SRR31986498	0.391596757992035	0.0418509121777199	13.4760676047339	0.0549449300350252	0.44654168802706	2.44340301599352	15.9194706207274	1.00142285184348	0.959571939665764	773.372751184307	746.681684408953
SRX326415_SRR941559	SRX326415_SRR941559	0.415514403216694	0.0179126577906483	11.7546658540794	0.0748448030447312	0.490359206261425	3.67554192415743	15.4302077782368	0.98573855166357	0.967825893872922	673.765076787711	695.211376992254
SRX4183065_SRR7279726	SRX4183065_SRR7279726	0.622753000671048	0.0102992408459104	12.356803572791	0.0798730444726538	0.702626045143701	3.71178542535939	16.0685889981504	1.01063386712716	1.00033462628125	764.923581812818	786.952912329542
SRX4183066_SRR7279725	SRX4183066_SRR7279725	0.894144561567167	-0.0299495844795665	26.6155237479159	0.0222198651904452	0.916364426757612	0.808819480745135	27.424343228661	0.956921074607265	0.986870659086832	894.06972230931	837.755692521468
SRX4183067_SRR7279724	SRX4183067_SRR7279724	0.881232451817695	-0.00430411908675654	28.4752914763857	0.0547953427378856	0.936027794555581	1.87371068397463	30.3490021603603	0.994410663874751	0.998714782961508	942.176295947356	872.262534663386
SRX4183068_SRR7279723	SRX4183068_SRR7279723	0.556516230919018	0.0429732138763926	19.4282474072894	0.0463092347932777	0.602825465712296	1.83417385860071	21.2624212658901	0.981316235626146	0.938343021749754	761.671295085902	735.696721568431
SRX4183069_SRR7279722	SRX4183069_SRR7279722	0.884951306372367	-0.000821845237743757	28.8415512946788	0.0132551504841117	0.898206456856479	0.794397731907534	29.6359490265863	0.983309690721284	0.984131535959027	889.304108329714	886.376539711853
SRX4183070_SRR7279721	SRX4183070_SRR7279721	0.489435411523203	0.150516107449027	22.5291294702306	0.195528632428891	0.684964043952094	8.64855105871186	31.1776805289425	0.910560963254616	0.760044855805588	749.054790059336	651.943273325433
SRX4183071_SRR7279720	SRX4183071_SRR7279720	0.34009482240747	0.0253727048390175	32.3549454430422	0.532366198364584	0.872461020772054	11.4787081526211	43.8336535956633	0.977550722805283	0.952178017966265	717.322816558713	704.568194613099
SRX4183073_SRR7279718	SRX4183073_SRR7279718	0.816451337335161	-0.0466427357950403	26.3804515244644	0.0723887894062116	0.888840126741373	2.82113092171781	29.2015824461822	0.926785987295013	0.973428723090053	790.791823935343	757.61996348933
SRX4183074_SRR7279717	SRX4183074_SRR7279717	0.480204909444421	-0.0420664147606126	10.4918716248285	0.109307126873902	0.589512036318323	3.46645355217402	13.9583251770026	0.955286256727913	0.997352671488526	881.016166111546	847.541870215882
SRX4183075_SRR7279716	SRX4183075_SRR7279716	0.858719378327548	0.0103670453062694	31.534825302671	-0.0477459893980996	0.810973388929449	-1.2509606660569	30.2838646366141	0.973498193089007	0.963131147782738	786.582060590957	799.489004751952
SRX4183077_SRR7279714	SRX4183077_SRR7279714	0.643738714100744	-0.0735125855733758	15.2096340269787	0.0982262250975136	0.741964939198257	3.40337776479754	18.6130117917762	0.928780503132193	1.00229308870557	789.849765031154	800.860700058095
SRX4183078_SRR7279713	SRX4183078_SRR7279713	0.853564451301176	0.00588859236039274	26.2426277250093	0.0137680373092078	0.867332488610383	1.23825903128167	27.480886756291	0.987020453094137	0.981131860733744	858.721416855712	804.355766637373
SRX4183080_SRR7279711	SRX4183080_SRR7279711	0.794752275356239	0.0155669144768324	30.5643710433259	0.113658292860085	0.908410568216324	3.40855800389695	33.9729290472228	0.984420581608542	0.96885366713171	762.209877846954	762.401240376195
SRX4183082_SRR7279709	SRX4183082_SRR7279709	0.652841156566909	-0.00482276232145851	18.3620322266164	0.139342310540763	0.792183467107672	4.87589321965584	23.2379254462722	0.962817751179773	0.967640513501231	787.510139297319	737.785415936075
SRX4183083_SRR7279708	SRX4183083_SRR7279708	0.313871793169335	-0.0176242451326853	42.6295524948826	0.574001430700006	0.887873223869341	9.03023758220037	51.659790077083	0.973880008746188	0.991504253878874	856.91700374563	784.02022239954
SRX4183084_SRR7279707	SRX4183084_SRR7279707	0.787722955017178	-0.0214278725729415	42.4415491197618	0.128174803780825	0.915897758798003	1.82800011672414	44.2695492364859	0.971808533939438	0.993236406512379	891.745856761376	764.072576231032
SRX4183085_SRR7279706	SRX4183085_SRR7279706	0.883662453689497	-0.0504420507021482	30.2415511144553	0.0282122094629249	0.911874663152421	0.248058353607618	30.4896094680629	0.94140979581633	0.991851846518478	866.563099466151	828.93951309396
SRX4183086_SRR7279705	SRX4183086_SRR7279705	0.788699657610928	-0.00793828103927896	38.8130724695863	0.10932534742419	0.898025005035119	2.19118815142069	41.004260621007	0.982871582206186	0.990809863245465	840.748269679543	792.602201131532
SRX4183089_SRR7279702	SRX4183089_SRR7279702	0.55223765532177	-0.0618327737635866	33.2780722773324	0.301870161227194	0.854107816548964	8.05169816422419	41.3297704415566	0.850135777749248	0.911968551512835	814.895692909741	758.671993056764
SRX4183093_SRR7279698	SRX4183093_SRR7279698	0.589143247298501	-0.00599415617807464	43.9817307057751	0.390481551193375	0.979624798491876	7.96979414406529	51.9515248498404	0.98307380557463	0.989067961752704	788.270907301984	718.057110390512
SRX4183095_SRR7279696	SRX4183095_SRR7279696	0.892645636014214	0.0372408931127286	34.1365020206252	0.0860289358498386	0.978674571864053	4.09504520648963	38.2315472271148	1.00492638343253	0.967685490319803	766.93188445742	730.629195425948
SRX4183098_SRR7279693	SRX4183098_SRR7279693	0.54869503219438	0.0107035508060029	38.0616299316355	0.328630602326123	0.877325634520503	7.52669076200288	45.5883206936384	0.966967688999484	0.956264138193482	833.56553977169	762.523125685481
SRX4183099_SRR7279692	SRX4183099_SRR7279692	0.656209425872458	-0.0436788637360439	28.7870521537063	0.278538915918183	0.934748341790641	10.295575623397	39.0826277771033	0.94364870184971	0.987327565585754	678.520591393215	714.758771701461
SRX4183100_SRR7279691	SRX4183100_SRR7279691	0.777360846750409	0.0215388384831322	37.7697808528372	0.0553603463665687	0.832721193116978	2.77600289076562	40.5457837436028	0.969322877888028	0.947784039404896	803.82329157493	737.81648869279
SRX4183101_SRR7279690	SRX4183101_SRR7279690	0.863727382404837	-0.00791553070774831	19.5941297241095	-0.0411825560539377	0.822544826350899	-2.03094517580766	17.5631845483018	0.978420932365182	0.98633646307293	845.360028758712	861.043535076739
SRX4183102_SRR7279689	SRX4183102_SRR7279689	0.795908405794089	-0.0236623616176295	27.101539832894	0.100388163688578	0.896296569482666	5.04537884881564	32.1469186817096	0.9579394668721	0.98160182848973	769.914041807794	722.223489145288
SRX4183103_SRR7279688	SRX4183103_SRR7279688	0.812809607767106	-0.0991955044260479	33.9993787850833	0.129851638748711	0.942661246515817	3.79290837289427	37.7922871579776	0.880737788846333	0.979933293272381	808.131333595025	767.814557999235
SRX4183104_SRR7279687	SRX4183104_SRR7279687	0.594369300822557	-0.00144548362398833	39.414475444987	0.354500784358033	0.94887008518059	9.02625156716838	48.4407270121554	0.972984042260903	0.974429525884892	724.842473121557	698.214111860421
SRX4183105_SRR7279686	SRX4183105_SRR7279686	0.459184710041069	0.0183308711593616	32.7285978517444	0.405442792487384	0.864627502528453	7.17753711789948	39.9061349696439	0.933362272426577	0.915031401267216	783.926583148443	700.946865664541
SRX4183106_SRR7279685	SRX4183106_SRR7279685	0.787005583250553	0.0244970160026288	22.9071734924464	0.0722662513982796	0.859271834648833	1.6398739499305	24.5470474423769	0.963269908197356	0.938772892194728	891.791258635858	842.155960798832
SRX4183107_SRR7279684	SRX4183107_SRR7279684	0.81112591763589	-0.0395451175273397	24.4097665030261	0.0766654692040662	0.887791386839956	4.05207017499186	28.4618366780179	0.952784778012159	0.992329895539499	859.423010116774	804.254068947414
SRX4183109_SRR7279682	SRX4183109_SRR7279682	0.807429030057264	-0.00776210816312806	25.0415235922158	0.180274119693716	0.98770314975098	5.62615934854037	30.6676829407562	0.986818558085366	0.994580666248494	859.529978407338	792.463373824453
SRX4183110_SRR7279681	SRX4183110_SRR7279681	0.620196383970793	0.0125525883947066	30.0604550425864	0.321720855010442	0.941917238981235	10.1017846093049	40.1622396518913	0.995265755097069	0.982713166702363	797.401414980648	830.72683668162
SRX4183111_SRR7279680	SRX4183111_SRR7279680	0.681033660844462	-0.000863872234448615	19.8424365908263	0.132544308704986	0.813577969549448	4.89213915749737	24.7345757483236	0.993847205683567	0.994711077918015	752.721636106897	757.565263194499
SRX4183114_SRR7279677	SRX4183114_SRR7279677	0.117906465642279	0.0101416042726029	31.8081197628006	0.780861608088594	0.898768073730873	20.6917697002438	52.4998894630444	0.96185854281711	0.951716938544507	836.026860316948	706.903875966465
SRX4183119_SRR7279672	SRX4183119_SRR7279672	0.543332861939634	0.0703718222767644	11.2202682420672	0.121744545643454	0.665077407583088	5.09685507061455	16.3171233126818	0.976532845934297	0.906161023657532	720.991185579242	728.179385831955
SRX4183120_SRR7279671	SRX4183120_SRR7279671	0.688488117303057	-0.00377734759333848	33.4761720032118	0.147496707989995	0.835984825293052	2.89370100527373	36.3698730084855	0.986507651057097	0.990284998650436	832.053686612758	804.182558465502
SRX4183121_SRR7279670	SRX4183121_SRR7279670	0.724783295836708	-0.00338502967442544	24.7801149922911	0.126154734692229	0.850938030528937	2.73984668841777	27.5199616807089	0.994549577611229	0.997934607285654	901.169052158104	867.503148117371
SRX4183123_SRR7279668	SRX4183123_SRR7279668	0.840887617717615	0.0340003125256649	19.3718125199558	0.0682266889951185	0.909114306712734	3.3641204450435	22.7359329649993	0.975782757930284	0.941782445404619	778.800466206056	750.685911920023
SRX4183124_SRR7279667	SRX4183124_SRR7279667	0.536228187486872	0.00373939689174674	21.2735116306816	0.47944471434957	1.01567290183644	11.7538007339248	33.0273123646064	1.00682337797201	1.00308398108027	944.590354641472	904.759807385197
SRX4183129_SRR7279662	SRX4183129_SRR7279662	0.585893358004595	-0.0199334445397323	42.7657183912862	0.339564816067303	0.925458174071898	7.77630792607995	50.5420263173661	0.95825850071888	0.978191945258613	932.335767087038	791.418893257314
SRX4183130_SRR7279661	SRX4183130_SRR7279661	0.752867055153366	-0.00773743671742566	36.1861220380382	0.187302879365572	0.940169934518937	2.17265690500206	38.3587789430402	0.987659456281934	0.99539689299936	872.428971593232	762.146829999387
SRX4183131_SRR7279660	SRX4183131_SRR7279660	0.898170751563227	-0.00938226204159609	33.9012323220601	0.0206963802007616	0.918867131763988	0.598522246213243	34.4997545682734	0.981852823518349	0.991235085559945	906.804635225877	800.646162714136
SRX4183132_SRR7279659	SRX4183132_SRR7279659	0.798176957911936	0.0194769848101974	38.1985879110613	0.17493467327243	0.973111631184366	5.61906663927602	43.8176545503373	1.00224429305513	0.982767308244935	752.990222508169	748.074932375
SRX4183135_SRR7279656	SRX4183135_SRR7279656	0.726738295696767	-0.0112007387339019	27.0028048240529	0.100970866364463	0.82770916206123	3.5629010963887	30.5657059204416	0.983853219902445	0.995053958636347	808.134797296257	810.513457928884
SRX4183136_SRR7279655	SRX4183136_SRR7279655	0.770725006843298	-0.0149142115719751	18.5907036128945	-0.018097581149472	0.752627425693826	-0.198342503324426	18.3923611095701	0.97321623335072	0.988130444922695	812.755657016298	780.633385269243
SRX4183140_SRR7279651	SRX4183140_SRR7279651	0.847226308302156	-0.000635800323787405	30.8338278329173	0.0895600425534766	0.936786350855632	3.26391115436701	34.0977389872843	0.990180413177169	0.990816213500956	742.810671075581	728.450773921265
SRX4183142_SRR7279649	SRX4183142_SRR7279649	0.754409204347436	-0.0448921921301443	25.3995015927671	0.164049987956635	0.918459192304071	6.38421369272118	31.7837152854882	0.95149455586867	0.996386747998814	786.920091199199	816.838448905572
SRX4183143_SRR7279648	SRX4183143_SRR7279648	0.834119804148408	0.0202620313408207	29.0206381094059	0.212437495608723	1.04655729975713	6.64434632921562	35.6649844386215	1.01184921067054	0.991587179329718	962.205659251523	817.201065694754
SRX4183144_SRR7279647	SRX4183144_SRR7279647	0.844189624280336	-0.0485407930948796	37.3450775806473	0.149893599904138	0.994083224184474	3.38751861990481	40.7325962005521	0.950926292688113	0.999467085782993	871.050311093921	882.549424514172
SRX4183145_SRR7279646	SRX4183145_SRR7279646	0.804671401227842	0.00403672433946722	37.301349206808	0.212403875716318	1.01707527694416	7.33239018074199	44.63373938755	0.969464345822219	0.965427621482752	858.038592263783	767.391299700913
SRX4183146_SRR7279645	SRX4183146_SRR7279645	0.681391642100581	0.0145071385311578	36.1883797837512	0.220568974780921	0.901960616881503	2.71174077834343	38.9001205620946	0.993327136730225	0.978819998199067	913.710272372802	767.278924311184
SRX4183149_SRR7279642	SRX4183149_SRR7279642	0.374614428277717	-0.0083284468183572	41.9201145878908	0.585912111343888	0.960526539621606	11.7648769120406	53.6849914999314	0.989537573594695	0.997866020413052	835.618659437092	779.610309066606
SRX4183150_SRR7279641	SRX4183150_SRR7279641	0.790631801061739	0.0351809794428177	24.4160364852881	0.096302482030667	0.886934283092406	4.35335506486935	28.7693915501574	1.00183693437387	0.96665595493105	825.790941139488	692.870261648824
SRX4183151_SRR7279640	SRX4183151_SRR7279640	0.848786879737325	0.0108635038444217	29.4209693385008	0.13367482461272	0.982461704350045	3.96640773255945	33.3873770710603	0.99153257783342	0.980669073988998	792.387743561365	819.53373218909
SRX4183154_SRR7279637	SRX4183154_SRR7279637	0.877358227616475	-0.000759057775323368	32.0526094631301	0.0835911710535162	0.960949398669992	1.75207228281356	33.8046817459436	0.996605500911099	0.997364558686422	844.263165745023	774.394964929148
SRX4183157_SRR7279634	SRX4183157_SRR7279634	0.675034813576839	-0.0952914162196973	20.0157336093139	0.122675124095781	0.79770993767262	4.52238970715944	24.5381233164733	0.875262608191335	0.970554024411032	710.934715779654	718.714792961543
SRX4183158_SRR7279633	SRX4183158_SRR7279633	0.813976944531728	-0.0121659761312795	24.8408925961895	0.0299918989561793	0.843968843487907	-1.02825426430367	23.8126383318858	0.980858239743986	0.993024215875265	855.202342264458	790.931452419632
SRX4183161_SRR7279630	SRX4183161_SRR7279630	0.559506995147794	0.0292884203861997	15.7159042706613	0.123297645656588	0.682804640804381	5.61942444815364	21.3353287188149	0.993333153451874	0.964044733065674	804.578324431925	726.707046825073
SRX4183162_SRR7279629	SRX4183162_SRR7279629	0.621481592795408	0.0244723473246945	12.764668839885	0.101145389433142	0.722626982228549	5.17074877409955	17.9354176139845	1.01295697668513	0.988484629360436	763.572982909851	739.218319923958
SRX4183164_SRR7279627	SRX4183164_SRR7279627	0.71217457606902	-0.0233928308144551	25.5027195058251	0.103418949521248	0.815593525590268	3.32622925204009	28.8289487578652	0.963804159006069	0.987196989820524	864.232145824616	804.427201872622
SRX4183166_SRR7279625	SRX4183166_SRR7279625	0.74878125132995	-0.00973840631067402	37.3931840235763	0.248135934073279	0.996917185403229	7.55862857358327	44.9518125971596	0.98676583850926	0.996504244819934	841.460708002544	808.719345428845
SRX4183167_SRR7279624	SRX4183167_SRR7279624	0.37375568939412	-0.000183278099230133	31.7249049755034	0.600793317277928	0.974549006672048	11.5191996357451	43.2441046112485	0.988761602132242	0.988944880231473	935.196376368238	765.636553100402
SRX4183169_SRR7279622	SRX4183169_SRR7279622	0.847054341376141	-0.0131713684382688	25.6916118775102	0.0222567145721913	0.869311055948333	2.61587547176293	28.3074873492731	0.978309635725408	0.991481004163677	877.919546936154	779.269733999073
SRX4183170_SRR7279621	SRX4183170_SRR7279621	0.861078980211648	0.0384591638625377	26.3727731501078	-0.0550893239617209	0.805989656249927	-2.43495410248093	23.9378190476268	0.979855591263809	0.941396427401271	883.530121615689	737.087050811963
SRX4183171_SRR7279620	SRX4183171_SRR7279620	0.886438450149334	-0.0128120612233126	34.0899320040395	-0.0038108969922209	0.882627553157113	-0.736629981855131	33.3533020221844	0.978153482438044	0.990965543661357	813.375887503796	763.738091098025
SRX4183173_SRR7279618	SRX4183173_SRR7279618	0.887416307956074	-0.00258496616211668	36.5766814150961	0.0116472213737372	0.899063529329811	-0.383331788278577	36.1933496268176	0.982053515272078	0.984638481434195	836.080614238983	736.189850051329
SRX4183177_SRR7279614	SRX4183177_SRR7279614	0.752600144502187	0.033018430333994	26.7768200593147	0.0763562418449073	0.828956386347095	-0.0988290376431458	26.6779910216715	0.973434689666683	0.940416259332689	855.48395334363	759.584189699003
SRX4183180_SRR7279611	SRX4183180_SRR7279611	0.494827901403344	-0.0165993206283863	28.8004795381477	0.455378183273214	0.950206084676559	8.07050408706305	36.8709836252108	0.982154042448961	0.998753363077347	746.888445103116	790.0115039591
SRX4183181_SRR7279610	SRX4183181_SRR7279610	0.824097886674333	-0.012244178284271	23.7862450951443	-0.0257223200474474	0.798375566626886	-0.236753818849512	23.5494912762948	0.979954374365305	0.992198552649576	905.765993625546	833.326769650049
SRX4183182_SRR7279609	SRX4183182_SRR7279609	0.784703889050651	-0.0448666211798761	32.1976724903828	0.236745939818616	1.02144982886927	5.46439442223932	37.6620669126221	0.956030445188829	1.00089706636871	910.263845344694	796.607041517456
SRX4183183_SRR7279608	SRX4183183_SRR7279608	0.757705652236462	-0.0177983255365184	26.1998672704545	0.129331660475221	0.887037312711683	5.22511050845615	31.4249777789106	0.861332109083493	0.879130434620011	712.125257259185	709.225457795787
SRX4183185_SRR7279606	SRX4183185_SRR7279606	0.873864614461165	-0.011297083523918	32.6202847821177	-0.00910771806424937	0.864756896396915	0.601713701804504	33.2219984839222	0.982259800543263	0.993556884067181	853.345444133433	789.895883240554
SRX4183186_SRR7279605	SRX4183186_SRR7279605	0.474168593678722	-0.0225379515173902	10.2920229891361	0.0451658191901261	0.519334412868848	1.975394945137	12.2674179342731	0.971682216097743	0.994220167615133	775.051448128802	851.730201716631
SRX4183187_SRR7279604	SRX4183187_SRR7279604	0.905830859825644	-0.00925095285272792	27.9004097813743	-0.0120263702300311	0.893804489595613	-0.292040019241161	27.6083697621332	0.983930394200488	0.993181347053216	857.966902561918	823.355860255325
SRX4183188_SRR7279603	SRX4183188_SRR7279603	0.835864531890243	-0.00520523857383426	51.6626241820967	0.122367899114047	0.95823243100429	4.69514396082648	56.3577681429232	0.985807935731267	0.991013174305101	889.6260010626	772.212788810464
SRX4183190_SRR7279601	SRX4183190_SRR7279601	0.750043663226494	0.0206967932897859	35.2779931463637	0.0903790382881284	0.840422701514622	3.47046346695945	38.7484566133232	0.992177734544405	0.971480941254619	818.781455348763	759.228417061763
SRX4183193_SRR7279598	SRX4183193_SRR7279598	0.900178578559829	-0.00319664906314032	36.7327013315872	0.0142553795719932	0.914433958131823	1.49070986879294	38.2234112003801	0.987170479929533	0.990367128992673	894.342433295946	782.221153495009
SRX4183204_SRR7279587	SRX4183204_SRR7279587	0.866541216825855	0.0517351704407308	22.6042161305118	0.0775530827904511	0.944094299616306	1.85969869913511	24.4639148296469	1.00841816085473	0.956682990413999	835.747578673827	763.88796194787
SRX4183205_SRR7279586	SRX4183205_SRR7279586	0.470302106376355	-0.00126406169620363	17.3394483324198	0.179617355059739	0.649919461436094	9.52519286119508	26.8646411936149	0.984756305480082	0.986020367176285	928.726669693545	718.49972470067
SRX4183206_SRR7279585	SRX4183206_SRR7279585	0.624964218102035	-0.0454081547077045	30.0441678244981	0.161814689225132	0.786778907327166	2.7586977356004	32.8028655600985	0.946795394855448	0.992203549563153	814.000372367097	809.686944906137
SRX4183208_SRR7279583	SRX4183208_SRR7279583	0.88010068560442	0.0299562740844914	25.3973541222183	0.100527403807588	0.980628089412008	5.29495276402323	30.6923068862416	1.01034881405197	0.980392539967478	770.73275095744	744.853282866475
SRX4183211_SRR7279580	SRX4183211_SRR7279580	0.599509917436842	-0.00325845678774694	39.1651329000908	0.336974273114791	0.936484190551633	6.40255213650656	45.5676850365974	0.983902686766887	0.987161143554634	851.390943832433	886.741015996131
SRX4183212_SRR7279579	SRX4183212_SRR7279579	0.672566057201369	0.00414662545155875	25.5945582438511	0.132406824229592	0.804972881430961	3.7707504460117	29.3653086898628	0.998994817178515	0.994848191726956	798.847820270228	850.957587596263
SRX4183213_SRR7279578	SRX4183213_SRR7279578	0.595832178697926	-0.00747804685709219	41.4033324397812	0.364202487904519	0.960034666602445	9.22172183580887	50.62505427559	0.969747231463622	0.977225278320714	751.304399288465	680.134213930393
SRX4183215_SRR7279576	SRX4183215_SRR7279576	0.759265100761355	-0.0745981514663238	39.089691983264	0.0979923086085229	0.857257409369878	5.12036432159802	44.210056304862	0.838591203146334	0.913189354612657	760.918303097231	712.766249968511
SRX4183216_SRR7279575	SRX4183216_SRR7279575	0.78588154051005	0.0012810564687431	41.9014695165435	0.164518032060163	0.950399572570212	7.61561077651106	49.5170802930545	0.999800320608585	0.998519264139842	800.172072017643	761.961932252484
SRX4183217_SRR7279574	SRX4183217_SRR7279574	0.719194058899914	0.0299831371634405	24.4788666397964	-0.0354374918706888	0.683756567029225	-2.28821372526212	22.1906529145342	0.967805299839047	0.937822162675606	863.201992580082	850.998069751509
SRX4183218_SRR7279573	SRX4183218_SRR7279573	0.40818833565276	-0.00306240455346241	5.63719026375305	0.103357639127907	0.511545974780668	5.6631335138198	11.3003237775728	1.00285400003131	1.00591640458478	759.25293726514	762.338174627613
SRX4183219_SRR7279572	SRX4183219_SRR7279572	0.755548754729916	-0.0107197773853692	36.4871442763136	0.194335134314652	0.949883889044568	9.33828126627334	45.8254255425869	0.893364223612184	0.904084000997553	684.911024033533	678.212018844589
SRX4183220_SRR7279571	SRX4183220_SRR7279571	0.7093320529893	0.0698080315659063	21.8541650724372	0.118956912700024	0.828288965689324	4.82669545163888	26.6808605240761	0.979305344119232	0.909497312553325	717.113395798788	701.033435283449
SRX4183221_SRR7279570	SRX4183221_SRR7279570	0.67501855084938	-0.0167786220714861	15.6948611433873	0.0830447038685461	0.758063254717927	2.97181027184579	18.6666714152331	0.981070472769522	0.997849094841008	761.80004167958	732.208472009024
SRX4183222_SRR7279569	SRX4183222_SRR7279569	0.843815448538896	-0.00263157931412195	29.8943445662261	0.0334029366929602	0.877218385231856	1.98886831840265	31.8832128846287	0.979250770708233	0.981882350022355	806.980848219981	746.715151081339
SRX4183223_SRR7279568	SRX4183223_SRR7279568	0.889696524356803	-0.00607695302245603	36.8295489237836	-0.0147347561538737	0.87496176820293	0.105472114289173	36.9350210380728	0.977332638174457	0.983409591196913	762.860732497922	803.20190921081
SRX4183224_SRR7279567	SRX4183224_SRR7279567	0.947723072275542	0.0153186401188845	37.9265498581796	0.0963416948877573	1.0440647671633	3.47766579522736	41.404215653407	1.01406513665379	0.998746496534902	787.093012399754	762.329478301557
SRX4183226_SRR7279565	SRX4183226_SRR7279565	0.480354781166954	0.0557971522228442	17.8834374743722	0.121364035733482	0.601718816900436	4.56712767528712	22.4505651496593	0.908307226341744	0.8525100741189	691.435616525474	694.301512416464
SRX4183230_SRR7279561	SRX4183230_SRR7279561	0.669185643612487	-0.0388193252273246	37.9361944687797	0.235862135049043	0.90504777866153	6.50062352577662	44.4368179945563	0.953658339006889	0.992477664234214	810.592225835658	762.457786831868
SRX4183232_SRR7279559	SRX4183232_SRR7279559	0.911697435657742	-0.0140252429980349	26.4911802226501	-0.0283777464769166	0.883319689180826	-0.784579197080665	25.7066010255695	0.97777887813746	0.991804121135495	835.770274979154	819.582850124401
SRX4183233_SRR7279558	SRX4183233_SRR7279558	0.575856833717361	-0.0580661008134721	18.5085502567591	0.128904252986441	0.704761086703803	4.96249711636556	23.4710473731247	0.93871322169475	0.996779322508222	772.686952640755	805.780683681057
SRX4183234_SRR7279557	SRX4183234_SRR7279557	0.812585156233565	0.00124194269418509	25.3363977383306	0.0351016374170725	0.847686793650638	1.99441745630014	27.3308151946307	0.999957952418094	0.998716009723909	809.015020107015	783.050361382328
SRX4183235_SRR7279556	SRX4183235_SRR7279556	0.835060605888787	-0.0267038356579704	29.691741420611	0.108924213616797	0.943984819505585	4.8905398951332	34.5822813157442	0.928463694771676	0.955167530429646	765.425189281332	795.241596746008
SRX4183236_SRR7279555	SRX4183236_SRR7279555	0.702949354237946	0.0031244737633086	37.9862436550295	0.211254218624854	0.914203572862801	1.77336604129079	39.7596096963203	0.98017162470536	0.977047150942051	975.344592113193	852.045376168418
SRX4183240_SRR7279551	SRX4183240_SRR7279551	0.666884610215702	0.0137505810454033	31.1142691457059	0.234646088957148	0.901530699172849	7.52256386700445	38.6368330127104	0.97402186415592	0.960271283110517	921.033580261269	877.797567693577
SRX4183242_SRR7279549	SRX4183242_SRR7279549	0.868876132986599	-0.0183537904899254	16.834524749806	-0.0229954967790001	0.845880636207599	0.104555533049247	16.9390802828552	0.976331513706183	0.994685304196109	824.767029589221	876.963967552822
SRX4183243_SRR7279548	SRX4183243_SRR7279548	0.664060648477079	-0.0323925933657886	22.125748422346	0.097712479040462	0.761773127517541	2.88776986998766	25.0135182923337	0.934378703207381	0.966771296573169	769.187123072927	761.85670149605
SRX4183244_SRR7279547	SRX4183244_SRR7279547	0.734623692526621	-0.0210832896460605	22.6690095260969	0.11989098408581	0.854514676612432	5.65685497665295	28.3258645027499	0.935209441027486	0.956292730673547	780.501123493174	672.727257101268
SRX4183250_SRR7279541	SRX4183250_SRR7279541	0.855774477559926	-0.0916351997746655	26.9982518900187	0.158764256124297	1.01453873368422	3.97011895575138	30.9683708457701	0.908306784818232	0.999941984592897	857.415397983145	844.393772115139
SRX4183251_SRR7279540	SRX4183251_SRR7279540	0.817251552771378	-0.0071405210327562	30.0680745962826	0.0553633277203548	0.872614880491733	1.57086305729914	31.6389376535818	0.978464861407156	0.985605382439912	857.550947972804	786.599787714989
SRX4183252_SRR7279539	SRX4183252_SRR7279539	0.902775399312785	-0.00255238507460009	30.0702732951581	0.0763627868449319	0.979138186157717	2.85461228194801	32.9248855771061	0.998194283987759	1.00074666906236	839.864131272701	770.46797784918
SRX4183253_SRR7279538	SRX4183253_SRR7279538	0.604685191895409	-0.00875625983875861	12.6775114825979	-0.0102013416522053	0.594483850243203	0.147551168364566	12.8250626509625	0.984814502958871	0.99357076279763	836.921786366308	837.07072407263
SRX4183256_SRR7279535	SRX4183256_SRR7279535	0.62160623876563	-0.0960873927687539	29.5586551616925	0.266830246452371	0.888436485218	11.3677147094197	40.9263698711122	0.813291094512016	0.90937848728077	700.727843082087	724.035256787611
SRX4183257_SRR7279534	SRX4183257_SRR7279534	0.201863621103765	-0.0444655560296715	5.45847003507074	0.0794382408166411	0.281301861920406	3.43162411405236	8.89009414912311	0.952504444078582	0.996970000108254	776.087810662604	775.629197973006
SRX4183259_SRR7279532	SRX4183259_SRR7279532	0.774263888878482	-0.0164533922149633	31.2856728450776	0.151033775429847	0.925297664308329	3.97832625892854	35.2639991040061	0.967843515406672	0.984296907621636	848.856876353906	772.151397677975
SRX4183261_SRR7279530	SRX4183261_SRR7279530	0.879545165926342	-0.00805062437145754	27.2141159257966	0.0310070379210022	0.910552203847344	1.22675999181401	28.4408759176106	0.988923201400563	0.996973825772021	816.034853672681	760.300005341682
SRX4183265_SRR7279526	SRX4183265_SRR7279526	0.915892159184894	0.00456405367495416	37.7393882550465	0.0491353859191392	0.965027545104034	1.97666677708117	39.7160550321277	0.98770814874539	0.983144095070436	875.232330310033	806.874204951769
SRX4183266_SRR7279525	SRX4183266_SRR7279525	0.865262111093759	0.0369493349511314	23.4949996749083	0.0803372595858597	0.945599370679619	3.68484437250976	27.179844047418	0.984490003596382	0.94754066864525	768.35775707235	693.667297583965
SRX4183267_SRR7279524	SRX4183267_SRR7279524	0.902160565361983	-0.00693560219847156	30.2418192545304	-0.0261873875582257	0.875973177803758	-1.20201742114375	29.0398018333866	0.979455563509794	0.986391165708265	830.315424216006	807.239442475033
SRX4183268_SRR7279523	SRX4183268_SRR7279523	0.901295334507677	-0.0104283631897136	28.6043963750893	-0.0181580029234416	0.883137331584235	-1.43079098221036	27.1736053928789	0.97865372285931	0.989082086049024	846.6475569414	803.660761724504
SRX4183272_SRR7279519	SRX4183272_SRR7279519	0.88859543618179	-0.000104506068021704	23.4482245812601	0.0835896839948462	0.972185120176636	3.52780398868539	26.9760285699455	0.967879465122979	0.967983971191001	755.04550079659	775.179833114614
SRX4183274_SRR7279517	SRX4183274_SRR7279517	0.869346813170364	-0.0218667460955576	16.4895323724486	0.0862631939977936	0.955610007168157	5.1811178639077	21.6706502363563	0.984988441307966	1.00685518740352	824.633146053963	795.068064025349
SRX4183277_SRR7279514	SRX4183277_SRR7279514	0.75201328030683	0.0739557420164187	22.6776979876455	0.114888334292475	0.866901614599305	5.17809847362284	27.8557964612683	0.961168249230139	0.88721250721372	718.282592790598	682.090750381901
SRX4183278_SRR7279513	SRX4183278_SRR7279513	0.757476284667213	-0.0129778703911773	46.6378674121014	0.141516103815525	0.898992388482738	1.57266963441974	48.2105370465212	0.981194103930296	0.994171974321473	899.863580537272	756.765885820566
SRX4183279_SRR7279512	SRX4183279_SRR7279512	0.62790259272147	-0.015394296134004	24.0463260532217	0.332668127332648	0.960570720054118	11.6010641968122	35.6473902500339	0.965805490236039	0.981199786370043	882.43014075362	801.782383605268
SRX4183280_SRR7279511	SRX4183280_SRR7279511	0.780906499757918	0.00886071933903476	37.4202186005274	0.144991641369111	0.925898141127029	2.46967406284828	39.8898926633757	0.997290808677722	0.988430089338687	809.257630563023	814.699495123216
SRX4183281_SRR7279510	SRX4183281_SRR7279510	0.465622036372129	-0.00780207795788046	36.7350124075132	0.355090882024616	0.820712918396745	4.56326437383704	41.2982767813502	0.979015934901099	0.98681801285898	885.483458245816	749.06129421274
SRX4183283_SRR7279508	SRX4183283_SRR7279508	0.643970210108308	0.00399177662276318	41.6396588820873	0.300931939905792	0.9449021500141	4.6356588351502	46.2753177172375	0.996972730127176	0.992980953504413	897.525742642163	763.773245989166
SRX4183285_SRR7279506	SRX4183285_SRR7279506	0.51754855472862	0.0412968045047429	18.5232983119895	0.16727143876025	0.68481999348887	6.8040328310097	25.3273311429992	1.00384415730176	0.962547352797018	754.896197481585	812.689389551936
SRX4183286_SRR7279505	SRX4183286_SRR7279505	0.790517319402979	0.0291117307447065	37.7801323533366	0.185707778982654	0.976225098385634	5.01267845567939	42.792810809016	0.997590355651854	0.968478624907148	794.911430464436	797.673763992959
SRX4183289_SRR7279502	SRX4183289_SRR7279502	0.444325944776009	0.0469235170443099	16.2739432158126	0.166936953342548	0.611262898118557	8.09636730237198	24.3703105181846	0.968389110664167	0.921465593619857	812.291784792644	750.602157104716
SRX4183291_SRR7279500	SRX4183291_SRR7279500	0.707748207403835	-0.102670765705568	37.4849389246772	0.256176447000132	0.963924654403967	5.58843384257708	43.0733727672543	0.851914611680961	0.954585377386529	795.016687472827	757.332054140252
SRX4183293_SRR7279498	SRX4183293_SRR7279498	0.8764105677792	0.00152002645586846	30.511174050499	0.0781358196955953	0.954546387474795	1.74195038932919	32.2531244398282	0.99358286993007	0.992062843474201	803.094934703915	783.041924945062
SRX4183295_SRR7279496	SRX4183295_SRR7279496	0.875895354701768	-0.0127363822787323	32.6627947660497	0.000468672688166638	0.876364027389934	-0.304502589661875	32.3582921763878	0.977679893453376	0.990416275732108	835.475782373603	789.66481722535
SRX4183296_SRR7279495	SRX4183296_SRR7279495	0.478478933705315	-0.0294972091232637	10.5120256037203	0.106156824769213	0.584635758474528	4.56540139094019	15.0774269946605	0.973052192094509	1.00254940121777	715.544959277531	777.608092428235
SRX4183297_SRR7279494	SRX4183297_SRR7279494	0.828195758843746	0.01845173841888	27.3142706821508	0.0820741284026743	0.91026988724642	3.51066124492662	30.8249319270775	0.976863668146812	0.958411929727932	732.563098247661	756.01696011532
SRX4183299_SRR7279492	SRX4183299_SRR7279492	0.844717366019193	0.00462151926601462	33.3573117500487	0.145845603207141	0.990562969226334	4.08534789243249	37.4426596424812	0.995098897905945	0.990477378639931	890.10908695795	797.623480257658
SRX4183300_SRR7279491	SRX4183300_SRR7279491	0.896432442013285	-0.0468482225287766	36.815794589706	0.115656912106632	1.01208935411992	4.39664247607911	41.2124370657851	0.948666035880345	0.995514258409122	742.952922417167	749.145423887229
SRX4183302_SRR7279489	SRX4183302_SRR7279489	0.204140673508658	-0.0161647916254528	42.240155447087	0.689221997513641	0.893362671022299	12.4485479814473	54.6887034285342	0.970129374346432	0.986294165971885	816.121647241026	826.327683151605
SRX4183305_SRR7279486	SRX4183305_SRR7279486	0.512468745606244	0.112031631092012	21.5067797953176	0.184027232944258	0.696495978550502	10.6088946871067	32.1156744824243	0.958774791441678	0.846743160349666	845.950356657111	813.51705845005
SRX4183306_SRR7279485	SRX4183306_SRR7279485	0.573891629320422	-0.00561396599942776	44.5607527667602	0.402103286925106	0.975994916245528	5.85148852153769	50.4122412882978	0.993555204993072	0.9991691709925	835.768396049845	762.94387905703
SRX4183307_SRR7279484	SRX4183307_SRR7279484	0.726141272124045	0.0999211505969415	30.2535000940709	0.0779818558006871	0.804123127924733	2.19073214239317	32.444232236464	0.959429392188533	0.859508241591592	800.151105070681	752.174897270855
SRX4183308_SRR7279483	SRX4183308_SRR7279483	0.661641177886494	0.0727319455383793	16.7978128310867	0.114637053053778	0.776278230940273	3.73155570764146	20.5293685387282	0.917678697319277	0.844946751780897	854.218939157799	810.597327315297
SRX698517_SRR1572375	SRX698517_SRR1572375	0.57923253529582	-0.00633392998129312	11.9422597599229	0.0845569296681802	0.663789464964	4.48808616800701	16.4303459279299	0.965084770879815	0.971418700861108	773.412390016769	701.491410099705
SRX25322143_SRR29823272_150bp_filtered	SRX25322143_SRR29823272_150bp_filtered	0.303462439396319	0.12661300097764	12.4337073260562	0.071179887737195	0.374642327133514	2.91185461331128	15.3455619393674	0.945485729438865	0.818872728461226	731.864880105322	741.938531822025
SRX6610777_SRR9856933_150bp_filtered	SRX6610777_SRR9856933_150bp_filtered	0.69298573986955	0.0233577010228662	17.3213071469649	0.08393599230512	0.77692173217467	3.31009459697554	20.6314017439405	0.997697764655921	0.974340063633055	809.863689004129	828.852578346476
SRX6917688_SRR10197546_150bp_filtered	SRX6917688_SRR10197546_150bp_filtered	0.728860241518992	-0.0226456208006005	28.3700373062862	0.120034369297339	0.848894610816331	2.19385805498741	30.5638953612737	0.883116240652311	0.905761861452912	813.629463584705	740.355642805091
SRX6919144_SRR10199004_150bp_filtered	SRX6919144_SRR10199004_150bp_filtered	0.557580784331156	-0.00732200523578908	19.0058565181189	0.254687634391587	0.812268418722743	5.3784396401272	24.3842961582461	0.951741374639564	0.959063379875354	918.248007566901	831.755715950553
SRX6919145_SRR10199003_150bp_filtered	SRX6919145_SRR10199003_150bp_filtered	0.781107109366019	-0.0313477742458901	29.7826473758151	0.1763250944605	0.957432203826519	3.57859482395374	33.3612421997689	0.965019443651096	0.996367217896986	822.316368841946	801.137319204664
SRX6928074_SRR10208148_150bp_filtered	SRX6928074_SRR10208148_150bp_filtered	0.750963279769039	0.0234140535127806	28.1930396907415	0.0664114360085913	0.81737471577763	2.33506544537462	30.5281051361161	0.972875755124597	0.949461701611817	826.679393327553	732.688456301788
SRX6934190_SRR10214512_150bp_filtered	SRX6934190_SRR10214512_150bp_filtered	0.79171655174164	0.00486507420124749	21.457207035621	0.0538865722687492	0.845603124010389	2.30196331443703	23.759170350058	0.981785538670143	0.976920464468896	863.881610267203	842.307179800027
SRX6934191_SRR10214511_150bp_filtered	SRX6934191_SRR10214511_150bp_filtered	0.751348499960674	-0.0186983628855582	22.2938120810279	0.0199538250099187	0.771302324970592	2.19307290188844	24.4868849829163	0.940865723579711	0.95956408646527	887.616525073159	810.713267007005
SRX6942209_SRR10222608_150bp_filtered	SRX6942209_SRR10222608_150bp_filtered	0.811339084841864	-0.0351661389304228	32.5440263024122	0.222940727354493	1.03427981219636	9.59272490126948	42.1367512036817	0.949748480851477	0.9849146197819	724.193094061693	742.543877950802
SRX6942210_SRR10222607_150bp_filtered	SRX6942210_SRR10222607_150bp_filtered	0.668298590782985	0.00654005697594595	37.0661522536264	0.243886575739649	0.912185166522634	6.23395433620781	43.3001065898342	0.990319084336991	0.983779027361045	846.027664941421	852.904303394931
SRX6942211_SRR10222606_150bp_filtered	SRX6942211_SRR10222606_150bp_filtered	0.646512803648821	0.0204685995062704	30.513418569622	0.18312762965965	0.829640433308472	4.70488577585812	35.2183043454801	0.986485707864386	0.966017108358116	808.649317053152	790.031181090085
SRX6949680_SRR10230187_150bp_filtered	SRX6949680_SRR10230187_150bp_filtered	0.780876338280801	-0.0266152650127428	24.2073869494899	0.0620800792186288	0.84295641749943	3.59549442458193	27.8028813740718	0.964722994137936	0.991338259150679	778.504795071091	785.191994884145
SRX6949681_SRR10230186_150bp_filtered	SRX6949681_SRR10230186_150bp_filtered	0.592445557507302	-0.00663682251951847	34.6902667496857	0.361584204620656	0.954029762127958	6.91795069331517	41.6082174430008	0.985272130767444	0.991908953286962	732.449165730319	727.21462302587
SRX6949683_SRR10230184_150bp_filtered	SRX6949683_SRR10230184_150bp_filtered	0.298709289416347	0.0728861941156586	15.7526918067713	0.411566153298389	0.710275442714737	15.6535344544569	31.4062262612282	0.961712154028814	0.888825959913156	887.882973049485	753.802362808641
SRX6949684_SRR10230183_150bp_filtered	SRX6949684_SRR10230183_150bp_filtered	0.778605882773888	0.0263251706974943	24.1665817778874	0.0880227873494713	0.866628670123359	4.11441563635377	28.2809974142412	0.954053951185185	0.927728780487691	698.00234828278	708.342312266518
SRX6949685_SRR10230182_150bp_filtered	SRX6949685_SRR10230182_150bp_filtered	0.724793043426806	0.0789438976622373	23.5013673473298	0.135274329841596	0.860067373268402	5.73620341407407	29.2375707614039	0.939225144082219	0.860281246419982	720.073772751975	728.165607628268
SRX6949686_SRR10230181_150bp_filtered	SRX6949686_SRR10230181_150bp_filtered	-0.218467367792849	0.213826711170073	-5.47340222686918	0.918361827891619	0.699894460098769	43.49674819951	38.0233459726408	0.95433042883762	0.740503717667547	664.270592823795	725.757568667753
SRX6949687_SRR10230180_150bp_filtered	SRX6949687_SRR10230180_150bp_filtered	0.632957380280826	0.120357275056809	33.6546466394168	0.227094523703601	0.860051903984427	6.81497960161292	40.4696262410297	0.938171917371796	0.817814642314986	714.489688779157	722.634765955065
SRX6960104_SRR10241444_150bp_filtered	SRX6960104_SRR10241444_150bp_filtered	0.435150954188822	0.217094788005547	17.6603293716752	0.157513816703142	0.592664770891964	5.46363200890402	23.1239613805792	0.901970242964534	0.684875454958986	699.68239537455	669.791554966067
SRX6960107_SRR10241441_150bp_filtered	SRX6960107_SRR10241441_150bp_filtered	0.664245095380426	0.101218741754008	20.5978745098799	0.186636670525591	0.850881765906018	9.73332794645371	30.3312024563337	0.940737100612796	0.839518358858788	743.433880660594	713.645812985577
SRX6960108_SRR10241440_150bp_filtered	SRX6960108_SRR10241440_150bp_filtered	0.424727792028713	0.075488238345297	24.4109355981693	0.324538799438372	0.749266591467085	6.30203920740202	30.7129748055714	0.865745892942318	0.790257654597021	877.147686346408	789.031533580043
SRX6960109_SRR10241439_150bp_filtered	SRX6960109_SRR10241439_150bp_filtered	0.368906669210127	0.266270794368074	14.1618561891239	0.190630759994714	0.559537429204841	7.80936203778903	21.9712182269129	0.890174254030054	0.623903459661981	722.315731484382	725.354773137232
SRX7000501_SRR10287515_150bp_filtered	SRX7000501_SRR10287515_150bp_filtered	0.62850536135914	0.0929921072690374	23.9721590503362	0.146839299478991	0.775344660838131	4.05595052481044	28.0281095751467	0.981485164058631	0.888493056789594	805.467630118659	774.007574141672
SRX7000502_SRR10287514_150bp_filtered	SRX7000502_SRR10287514_150bp_filtered	0.627003995698104	0.0425812100712319	27.7435696957011	0.130667045337567	0.757671041035671	5.93862488863321	33.6821945843343	0.917462409876487	0.874881199805255	747.866942389341	810.872731201213
SRX7000504_SRR10287512_150bp_filtered	SRX7000504_SRR10287512_150bp_filtered	0.812656177252334	0.000172826374867596	28.3593455741283	0.105972408934682	0.918628586187016	4.75120324190003	33.1105488160283	0.967322554950759	0.967149728575891	774.278230111595	696.283542496583
SRX7024213_SRR10313089_150bp_filtered	SRX7024213_SRR10313089_150bp_filtered	0.278628880640151	-0.00583175598339336	37.4912373077645	0.680438872553914	0.959067753194065	16.0746643418341	53.5659016495986	0.988220158562475	0.994051914545868	866.506922047658	761.347114044471
SRX7024214_SRR10313088_150bp_filtered	SRX7024214_SRR10313088_150bp_filtered	0.479411851308883	-0.00322576381876671	34.8021878333178	0.465561098907237	0.94497295021612	9.49259982441205	44.2947876577298	0.989237516328321	0.992463280147088	917.914748090653	896.410433091177
SRX7024215_SRR10313087_150bp_filtered	SRX7024215_SRR10313087_150bp_filtered	0.761195895850824	0.107972539748459	22.0194230309507	0.112947867587654	0.874143763438478	5.65895565288946	27.6783786838402	0.93332904162362	0.825356501875162	696.730786508616	713.965918224995
SRX7024217_SRR10313085_150bp_filtered	SRX7024217_SRR10313085_150bp_filtered	0.7892816939526	0.0110097111963523	37.6425588761863	0.169297332604184	0.958579026556784	2.92570285187804	40.5682617280643	0.998050203770467	0.987040492574114	939.496416482725	790.615078897373
SRX7053417_SRR10343557_150bp_filtered	SRX7053417_SRR10343557_150bp_filtered	0.836794513117188	0.00977514999986073	22.8185165731038	0.0751284979093408	0.911923011026529	3.30329979146632	26.1218163645702	0.998598131197377	0.988822981197516	792.123755775917	762.108978532335
SRX7053422_SRR10343552_150bp_filtered	SRX7053422_SRR10343552_150bp_filtered	0.673249730512391	0.160661264319608	32.635008332973	0.0763973173274012	0.749647047839792	3.90821704665631	36.5432253796293	0.963178547370513	0.802517283050906	842.686354375938	747.298192121294
SRX7437645_SRR10763456_150bp_filtered	SRX7437645_SRR10763456_150bp_filtered	0.812120645103996	-0.0143930756791799	36.3588077831588	0.169119941928401	0.981240587032396	6.14174620493622	42.500553988095	0.969884775884244	0.984277851563424	760.002622387698	799.912933308515
SRX7437647_SRR10763454_150bp_filtered	SRX7437647_SRR10763454_150bp_filtered	0.730984256555974	-0.0233292638620266	35.1938524561795	0.113362676049765	0.844346932605739	4.58063783473724	39.7744902909167	0.957376891775864	0.98070615563789	833.610895725811	802.909445557416
SRX7437648_SRR10763453_150bp_filtered	SRX7437648_SRR10763453_150bp_filtered	0.858314502062248	-0.00295945839043088	31.4580007783546	0.0863652834500989	0.944679785512347	4.91364865033977	36.3716494286944	0.988281789821355	0.991241248211785	794.420262678437	785.461599411788
SRX7437650_SRR10763451_150bp_filtered	SRX7437650_SRR10763451_150bp_filtered	0.617282831025657	0.193150771974368	21.6345191432193	0.156597459695971	0.773880290721628	6.69826305198198	28.3327821952013	0.939352522471615	0.746201750497247	708.212277786479	712.60137832592
SRX7713266_SRR11073834_150bp_filtered	SRX7713266_SRR11073834_150bp_filtered	0.141522673697676	-0.0579483425527628	3.23889540611336	0.107521495496109	0.249044169193785	4.97950310706976	8.21839851318312	0.874085332144297	0.93203367469706	724.694202609733	719.518205217185
SRX7713268_SRR11073832_150bp_filtered	SRX7713268_SRR11073832_150bp_filtered	0.674140788671419	-0.0126961258245748	18.2747547445775	0.1625379729506	0.836678761622019	8.08877392797874	26.3635286725563	0.973014292553849	0.985710418378424	812.775333380309	701.495192364701
SRX7713269_SRR11073831_150bp_filtered	SRX7713269_SRR11073831_150bp_filtered	0.798330469050184	-0.0101646910872245	32.7937283731631	0.128738972415556	0.92706944146574	4.12304875973897	36.9167771329021	0.975372273385341	0.985536964472566	818.115306626116	829.195365525297
SRX7713270_SRR11073830_150bp_filtered	SRX7713270_SRR11073830_150bp_filtered	0.286328970136939	0.0136130835341062	6.41300666051423	0.121933393905832	0.40826236404277	6.98174060899006	13.3947472695043	0.993460488478525	0.979847404944419	909.997588374374	797.821488168012
SRX7713271_SRR11073829_150bp_filtered	SRX7713271_SRR11073829_150bp_filtered	0.287443743257491	0.0167229317392936	7.63095216778936	0.0834794104258796	0.37092315368337	2.22727435956851	9.85822652735787	1.00646837620102	0.989745444461722	860.282810327702	905.716655466738
SRX7713272_SRR11073828_150bp_filtered	SRX7713272_SRR11073828_150bp_filtered	0.486105414407649	0.0973473404371954	12.1811198308605	0.0985475899960785	0.584653004403727	5.27755062347108	17.4586704543316	0.964392447791832	0.867045107354637	736.430913802105	724.415397320107
SRX7732004_SRR11093197_150bp_filtered	SRX7732004_SRR11093197_150bp_filtered	0.731789533310756	0.0325272856477918	24.5527285582817	0.157094912581218	0.888884445891974	3.890800012258	28.4435285705397	1.007218510378	0.974691224730203	827.968014454318	751.059372638558
SRX7732005_SRR11093196_150bp_filtered	SRX7732005_SRR11093196_150bp_filtered	0.679596418118251	0.00491737155554683	34.3964977079566	0.0957790685846878	0.775375486702939	3.3276027350561	37.7241004430127	0.986913798864448	0.981996427308901	780.823057529862	634.230803097333
SRX7732006_SRR11093195_150bp_filtered	SRX7732006_SRR11093195_150bp_filtered	0.210236531245215	-0.00240360697346109	3.84768907875655	0.0615524933714959	0.27178902461671	3.12864888120109	6.97633795995764	0.971316707077568	0.973720314051029	836.029957578003	835.81965116901
SRX7732007_SRR11093194_150bp_filtered	SRX7732007_SRR11093194_150bp_filtered	0.619005368086917	0.153972633722464	27.1201390191466	0.10209441189275	0.721099779979667	4.77991386094976	31.9000528800963	0.951739613233153	0.79776697951069	798.756546693938	747.860797765959
SRX7732008_SRR11093193_150bp_filtered	SRX7732008_SRR11093193_150bp_filtered	0.766954910827248	-0.00142118626274124	31.0640084067496	0.137680961867679	0.904635872694926	3.93493830981219	34.9989467165618	0.97995482624747	0.981376012510211	867.125716712446	759.178237136738
SRX7732009_SRR11093192_150bp_filtered	SRX7732009_SRR11093192_150bp_filtered	0.706501494664163	0.00241578651795493	25.1873993081395	0.116468301671768	0.822969796335931	1.08904699486919	26.2764463030087	0.996549935416507	0.994134148898553	837.790251773778	804.896443845798
SRX7732013_SRR11093188_150bp_filtered	SRX7732013_SRR11093188_150bp_filtered	0.574400574685166	-0.0114663714720646	7.30644904409383	0.172801338344375	0.747201913029541	11.4169504616991	18.7233995057929	0.940950242701041	0.952416614173105	791.939325339986	722.068616667127
SRX7732014_SRR11093187_150bp_filtered	SRX7732014_SRR11093187_150bp_filtered	0.777979923552082	-0.00447954508235759	12.507162663118	0.0111696864621663	0.789149610014249	3.84707130532459	16.3542339684426	0.972756471134855	0.977236016217213	784.721133329948	835.547818784601
SRX7732015_SRR11093186_150bp_filtered	SRX7732015_SRR11093186_150bp_filtered	0.47326897040845	-0.158531360606329	20.4840735036888	0.168523681266027	0.641792651674477	4.08980463872436	24.5738781424132	0.77246844317343	0.930999803779759	828.925265309735	771.450952811825
SRX7732016_SRR11093185_150bp_filtered	SRX7732016_SRR11093185_150bp_filtered	0.818715413154105	-0.00465352479858161	27.7358582353364	0.00858573624872297	0.827301149402828	-0.651041811808717	27.0848164235277	0.976158000546189	0.980811525344771	765.718609065697	815.852891622722
SRX7732017_SRR11093184_150bp_filtered	SRX7732017_SRR11093184_150bp_filtered	0.668348351176731	-0.11329778161276	18.7432475385754	0.103765645737404	0.772113996914135	3.0101197942389	21.7533673328143	0.885691185631988	0.998988967244748	831.624498020167	832.192155460931
SRX7732018_SRR11093183_150bp_filtered	SRX7732018_SRR11093183_150bp_filtered	0.768397811396768	-0.00459100011279556	25.4329609904189	0.0620255688495871	0.830423380246355	3.05077899445136	28.4837399848703	0.981586151992882	0.986177152105678	823.633807115237	805.327106933564
SRX7732019_SRR11093182_150bp_filtered	SRX7732019_SRR11093182_150bp_filtered	0.838184521793467	-0.0128657259256459	21.4091622432747	-0.0183867357413915	0.819797786052075	-0.464849906670075	20.9443123366046	0.979861423057659	0.992727148983305	830.049621791789	790.445718525808
SRX7732020_SRR11093181_150bp_filtered	SRX7732020_SRR11093181_150bp_filtered	0.536720530876171	-0.0329624004361992	9.9530814565145	0.082869250664741	0.619589781540912	3.95045689287702	13.9035383493915	0.893773126112633	0.926735526548832	729.291982708479	752.717675263072
SRX7735877_SRR11097111_150bp_filtered	SRX7735877_SRR11097111_150bp_filtered	0.611313444430335	-0.0143482608993626	17.580010900241	0.0911457576678818	0.702459202098216	3.1621895574893	20.7422004577303	0.945782048087665	0.960130308987028	801.203942853061	818.09480372828
SRX7735879_SRR11097109_150bp_filtered	SRX7735879_SRR11097109_150bp_filtered	0.680222996294751	-0.000731991057684067	39.8859391874216	0.275731211370081	0.955954207664833	5.70623909986277	45.5921782872843	0.988816585282924	0.989548576340608	816.220087311075	757.037695374409
SRX7750520_SRR11113513_150bp_filtered	SRX7750520_SRR11113513_150bp_filtered	0.718140900084843	0.0569745665061324	26.1963628972116	0.0653533385910183	0.783494238675861	2.61429595226881	28.8106588494804	0.946499392604781	0.889524826098649	824.186838998646	764.1594073162
SRX7750523_SRR11113510_150bp_filtered	SRX7750523_SRR11113510_150bp_filtered	0.781714620245224	0.00867982134285306	29.2232906994944	0.0477679762999035	0.829482596545127	2.18127863739136	31.4045693368857	1.00045186792557	0.991772046582717	891.78166161923	785.424179302045
SRX7806912_SRR11186635_150bp_filtered	SRX7806912_SRR11186635_150bp_filtered	0.708432357184321	-0.0158646480705202	43.1166382922886	0.213144620170592	0.921576977354913	6.86305379183283	49.9796920841214	0.940661225556471	0.956525873626991	726.861471324968	701.642063659269
SRX7806918_SRR11186629_150bp_filtered	SRX7806918_SRR11186629_150bp_filtered	0.80209929060297	-0.00986204224768872	27.1299531443732	0.0135477162789732	0.815647006881943	0.788697229028284	27.9186503734015	0.976122011744441	0.985984053992129	840.307571622233	841.817961057035
SRX7814380_SRR11194343_150bp_filtered	SRX7814380_SRR11194343_150bp_filtered	0.758381910709508	0.0614896826236013	37.8680786550073	0.172231915313921	0.930613826023429	4.01439252832632	41.8824711833337	0.993706735288873	0.932217052665272	774.988474547735	739.131311388084
