SRX25048037_SRR29540650	SRX25048037_SRR29540650	-0.0494792029881874	-0.0212962026349474	0.0169069291979708	0.0178797612687248	-0.0320760155079637
SRX27341371_SRR31986664	SRX27341371_SRR31986664	-0.0569713417358824	-0.0302157603928919	0.0131358530627742	0.00242882315220756	-0.0055352055914522
SRX27341537_SRR31986498	SRX27341537_SRR31986498	-0.0563151191949466	-0.0275250956116749	0.012021418075272	0.0043723778975628	-0.0134913953586312
SRX326415_SRR941559	SRX326415_SRR941559	-0.0577367584535544	-0.0290699081774545	0.0114003344638227	0.00157323198845447	-0.00938123574021196
SRX4183065_SRR7279726	SRX4183065_SRR7279726	-0.053923623118138	-0.0251517424629279	0.0166004950884824	0.0141355138624872	-0.0313325383108078
SRX4183066_SRR7279725	SRX4183066_SRR7279725	-0.0582096152587855	-0.0294810954787081	0.0141481440971976	0.00434462852648298	-0.0117155151511044
SRX4183067_SRR7279724	SRX4183067_SRR7279724	-0.0575569622662413	-0.028859964951572	0.0149355607008197	0.00485699650091945	-0.0131084962112779
SRX4183068_SRR7279723	SRX4183068_SRR7279723	-0.0566460491304333	-0.0284386379705655	0.0144030122970448	0.00507051971146994	-0.0137913858964479
SRX4183069_SRR7279722	SRX4183069_SRR7279722	-0.0580685049745258	-0.029400785700711	0.0141914234000501	0.0048305608079995	-0.0122066963541258
SRX4183070_SRR7279721	SRX4183070_SRR7279721	0.0892503140298262	0.0478791928419515	-0.153632408046997	0.186815909404268	-0.129707464495749
SRX4183071_SRR7279720	SRX4183071_SRR7279720	0.0609517255739764	0.201638365614584	0.185914293555653	-0.0569608221469574	-0.0819811171181469
SRX4183073_SRR7279718	SRX4183073_SRR7279718	-0.0481431903066159	-0.0133646257040551	-0.00328318101251799	-0.0293290240577225	-0.0169376991494142
SRX4183074_SRR7279717	SRX4183074_SRR7279717	0.0508596675826617	-0.10620589447199	0.0101749452389324	-0.179579612734861	0.0508576296554226
SRX4183075_SRR7279716	SRX4183075_SRR7279716	-0.0515496233156964	-0.0192978083987546	0.003509106599616	-0.0132478757219937	-0.0218653284216987
SRX4183077_SRR7279714	SRX4183077_SRR7279714	-0.0525955441955629	-0.0238166131649406	0.0158908726165676	0.0144103709485335	-0.0319359665460258
SRX4183078_SRR7279713	SRX4183078_SRR7279713	-0.0269447878350134	-0.0583084864974828	0.0237957325786319	-0.0741027390389251	0.0964287684038962
SRX4183080_SRR7279711	SRX4183080_SRR7279711	-0.0579282203718941	-0.0292443844558853	0.0143553500951908	0.00502375243576215	-0.0128513576921874
SRX4183082_SRR7279709	SRX4183082_SRR7279709	-0.0302358291335253	0.0186234776637654	-0.0358495547362885	-0.0212717405519574	-0.0663458488259415
SRX4183083_SRR7279708	SRX4183083_SRR7279708	-0.0134964050678783	0.029600213153213	-0.106398388044505	0.011398705881884	-0.00666563574772687
SRX4183084_SRR7279707	SRX4183084_SRR7279707	-0.0108800766506917	0.0405239401126571	-0.0314150074589426	-0.022325086827708	-0.019203538935463
SRX4183085_SRR7279706	SRX4183085_SRR7279706	-0.011327416583035	0.0415769477809256	-0.0382070721783343	-0.0468542954777547	-0.0149981368495149
SRX4183086_SRR7279705	SRX4183086_SRR7279705	0.0124395973585026	0.0697924608345232	-0.0336446864410659	-0.023597233101	-0.0501907643848263
SRX4183089_SRR7279702	SRX4183089_SRR7279702	0.0596501004409476	0.166691284486403	0.120041044976245	-0.00880691901660422	-0.102355594555721
SRX4183093_SRR7279698	SRX4183093_SRR7279698	0.121686243600224	0.00554668353634113	-0.113247561316583	0.175315584990853	-0.143065488689796
SRX4183095_SRR7279696	SRX4183095_SRR7279696	0.1667721417838	-0.0407574387872016	-0.087779173378813	0.12097445038198	-0.237178889463889
SRX4183098_SRR7279693	SRX4183098_SRR7279693	0.11273099794759	0.0528494564490189	-0.174158786409825	0.230257100954757	-0.164264489329172
SRX4183099_SRR7279692	SRX4183099_SRR7279692	0.0637229765404342	0.211278895246422	0.200474306311865	-0.0641685595803534	-0.0968256844092723
SRX4183100_SRR7279691	SRX4183100_SRR7279691	-0.0562793522513304	-0.0273425990513512	0.0139557728075639	0.00700869482124048	-0.0209131021320317
SRX4183101_SRR7279690	SRX4183101_SRR7279690	-0.0582782998759669	-0.0295488588804636	0.0145242209857442	0.00483870199490524	-0.0124674582529012
SRX4183102_SRR7279689	SRX4183102_SRR7279689	-0.0565439639844599	-0.0295284333539165	0.0124617640982966	0.00400777851418647	-0.00742288947884903
SRX4183103_SRR7279688	SRX4183103_SRR7279688	-0.0557604739542562	-0.0296493550790779	0.0133833636541846	0.00274329212412602	-0.00974411818584757
SRX4183104_SRR7279687	SRX4183104_SRR7279687	0.0686277924422004	0.215946915681268	0.190858523193183	-0.0682773091164911	-0.0936741818097033
SRX4183105_SRR7279686	SRX4183105_SRR7279686	0.0639114861312997	0.211340348369642	0.197802441635359	-0.0667788032835518	-0.0943097069204239
SRX4183106_SRR7279685	SRX4183106_SRR7279685	0.104900217939261	0.0517087987358927	-0.16889260083745	0.218078672096551	-0.155420920862626
SRX4183107_SRR7279684	SRX4183107_SRR7279684	-0.0571035707313906	-0.0286676549469011	0.0146528478321774	0.00572285144108229	-0.0151411658646835
SRX4183109_SRR7279682	SRX4183109_SRR7279682	0.0044236297857922	0.0585025813234449	-0.194437127891108	0.00518634909052202	0.0643538506100292
SRX4183110_SRR7279681	SRX4183110_SRR7279681	-0.0562860000968443	-0.027270234481865	0.0147860055804537	0.00953876795057013	-0.0264151334807524
SRX4183111_SRR7279680	SRX4183111_SRR7279680	-0.0529916515015512	-0.0241258564147643	0.0154648782442723	0.0130484637883687	-0.0314681226210627
SRX4183114_SRR7279677	SRX4183114_SRR7279677	0.0537955488450483	0.18058163440119	0.148851739146805	-0.0550485823155884	-0.0667753555366246
SRX4183119_SRR7279672	SRX4183119_SRR7279672	0.0665882126932643	0.212489898988573	0.180863499754816	-0.0676521729390007	-0.0827364635981332
SRX4183120_SRR7279671	SRX4183120_SRR7279671	-0.0560096650205659	-0.0269405139538973	0.012443139401109	0.0078451903305928	-0.0236990325250879
SRX4183121_SRR7279670	SRX4183121_SRR7279670	-0.0484616848484172	-0.0211179163458003	0.0158498055393134	0.0150381013542108	-0.0178766029601216
SRX4183123_SRR7279668	SRX4183123_SRR7279668	-0.00287958838137426	0.0584957579334488	-0.147922667527213	-0.0367879696957962	0.109530218260925
SRX4183124_SRR7279667	SRX4183124_SRR7279667	0.170847007257017	-0.0931402909622897	-0.00584713866892178	-0.0669284590332202	-0.0727426000581936
SRX4183129_SRR7279662	SRX4183129_SRR7279662	0.0013831392819405	0.0595171234550612	-0.111168550700929	-0.0205949594007458	0.0615685135449296
SRX4183130_SRR7279661	SRX4183130_SRR7279661	0.0220731560820772	0.0830367715047812	-0.182662695688894	0.00732619145637449	0.0730623142082795
SRX4183131_SRR7279660	SRX4183131_SRR7279660	-0.0574836482061124	-0.0288935584335685	0.0140623210052526	0.00518643715343054	-0.0124938095902775
SRX4183132_SRR7279659	SRX4183132_SRR7279659	0.139133816010573	-0.00071915430810053	0.0560146299740951	-0.108606718523198	-0.11300529800333
SRX4183135_SRR7279656	SRX4183135_SRR7279656	-0.055041540509912	-0.0279323054336033	0.0134128952942183	0.00500205243667528	-0.00900325089764112
SRX4183136_SRR7279655	SRX4183136_SRR7279655	-0.0576670428847409	-0.0289781909052845	0.014835168185032	0.00573039536816389	-0.0155218123563356
SRX4183140_SRR7279651	SRX4183140_SRR7279651	-0.0230771452415821	0.0312820065104365	-0.0394327698550335	-0.0223722870474797	-0.0807469899847484
SRX4183142_SRR7279649	SRX4183142_SRR7279649	0.0336449511055354	0.145128714295765	-0.173114518622652	-0.091135791000541	0.129863758289107
SRX4183143_SRR7279648	SRX4183143_SRR7279648	-0.00169238475875606	0.0611376457591144	-0.112841752047338	-0.0246231724388975	0.0494126224788706
SRX4183144_SRR7279647	SRX4183144_SRR7279647	-0.00668796496381566	0.0363913298998269	-0.111300600347994	0.0219881750579408	0.0185661467321559
SRX4183145_SRR7279646	SRX4183145_SRR7279646	0.00967627705581663	0.0649520556718931	-0.0734398659028558	0.00977747566617202	-0.0337856101846206
SRX4183146_SRR7279645	SRX4183146_SRR7279645	0.028431901485282	0.13342544735375	-0.112548914847852	-0.0945905348464248	0.1108932115458
SRX4183149_SRR7279642	SRX4183149_SRR7279642	0.02494098858744	0.0929139317935214	-0.20384233969086	0.0142646418456745	0.0349056621070975
SRX4183150_SRR7279641	SRX4183150_SRR7279641	-0.0498238909617787	-0.0220212317337282	0.0168887147485162	0.0170588011556184	-0.0247643428217529
SRX4183151_SRR7279640	SRX4183151_SRR7279640	-0.00299741588822985	0.0379700921099722	-0.135410456212288	0.0280074877041178	0.0140861925657626
SRX4183154_SRR7279637	SRX4183154_SRR7279637	-0.0580357546424984	-0.0294135803264188	0.0142085361300985	0.00343285409713795	-0.0109273437491135
SRX4183157_SRR7279634	SRX4183157_SRR7279634	-0.0281168317744703	-0.0154693887079389	-0.0370833973134656	0.045054707906292	-0.0588781845843888
SRX4183158_SRR7279633	SRX4183158_SRR7279633	-0.0506078545416461	-0.021588353782234	0.0139028728049919	0.0100498116200621	-0.0217140431730921
SRX4183161_SRR7279630	SRX4183161_SRR7279630	0.0329355026473086	-0.0759917366122484	0.0223330785772511	-0.0218329420217906	0.0748485415802456
SRX4183162_SRR7279629	SRX4183162_SRR7279629	-0.0498750870646518	-0.0216080548253457	0.0168644813109915	0.0175917018672215	-0.032445129202567
SRX4183164_SRR7279627	SRX4183164_SRR7279627	-0.0124840162897527	-0.0534709382436898	-0.000404421124010683	-0.0566650035463105	-0.0758695341631871
SRX4183166_SRR7279625	SRX4183166_SRR7279625	0.0335316713052426	0.154720913775727	-0.114442316267672	-0.124745045249909	0.131513069128521
SRX4183167_SRR7279624	SRX4183167_SRR7279624	0.201617404894635	-0.107870638165697	-0.0117414445675858	-0.0582822202477652	-0.0926681049324716
SRX4183169_SRR7279622	SRX4183169_SRR7279622	-0.0518724510611018	-0.0234403991132601	0.0140653324902163	0.0120091383992156	-0.0238144520332109
SRX4183170_SRR7279621	SRX4183170_SRR7279621	-0.0494857151413408	-0.0244502966240426	0.0072463414316144	0.0101936935177772	-0.0169400926008195
SRX4183171_SRR7279620	SRX4183171_SRR7279620	-0.028743192424786	-0.0535215495224515	0.0208311382372238	-0.0618559303480121	0.0794121874318718
SRX4183173_SRR7279618	SRX4183173_SRR7279618	0.0050728317055075	-0.048317335093401	-0.0331651850271924	-0.0560476213977029	-0.0824508933659082
SRX4183177_SRR7279614	SRX4183177_SRR7279614	-0.0527147451843294	-0.0242415909073159	0.0151803955923853	0.0101250829043102	-0.021997261066668
SRX4183180_SRR7279611	SRX4183180_SRR7279611	-0.00757025017754427	0.0844881867860523	-0.0307529245358566	-0.107311641639086	0.114802292725987
SRX4183181_SRR7279610	SRX4183181_SRR7279610	-0.0487423423018671	-0.0199692529478257	0.0126155261536824	0.0117872683148873	-0.0190407443441746
SRX4183182_SRR7279609	SRX4183182_SRR7279609	-0.0533345118221453	-0.0246708330995517	0.0140717092723087	0.0103007627080724	-0.0193435094199859
SRX4183183_SRR7279608	SRX4183183_SRR7279608	-0.0394091012661919	-0.0149219656750817	0.0196804981608128	0.0261139656879787	-0.0252589604256612
SRX4183185_SRR7279606	SRX4183185_SRR7279606	-0.0533619009349897	-0.0245534860413983	0.0146893341757951	0.0106068588390577	-0.0258718663117442
SRX4183186_SRR7279605	SRX4183186_SRR7279605	-0.0363306753257624	-0.0221136589504508	-0.0156115624846852	0.0226229620042225	-0.00195130189744109
SRX4183187_SRR7279604	SRX4183187_SRR7279604	-0.0544189304171263	-0.0255170308868419	0.0133837194321852	0.00782035742897541	-0.0217735187414324
SRX4183188_SRR7279603	SRX4183188_SRR7279603	-0.0434500666128981	-0.0156702249372567	0.012931434417813	0.0168358653413128	-0.0177099853793761
SRX4183190_SRR7279601	SRX4183190_SRR7279601	-0.0501456304842744	-0.0214368182761137	0.0111692223044745	0.00875430394227758	-0.0222447928190047
SRX4183193_SRR7279598	SRX4183193_SRR7279598	-0.0472915070254492	-0.0129669734963294	-0.00483024133989925	-0.029967009783378	-0.0161097350128647
SRX4183204_SRR7279587	SRX4183204_SRR7279587	-0.0385021218365718	0.00612109726461218	0.00283604122621441	-0.0276533170926216	-0.045859076247448
SRX4183205_SRR7279586	SRX4183205_SRR7279586	0.00428713699110382	-0.0358852920977913	-0.0586236270845443	-0.0348603800965035	-0.0900563223973841
SRX4183206_SRR7279585	SRX4183206_SRR7279585	-0.0246792280044136	0.0247352582465478	-0.0506846913009657	-0.0257041245103836	-0.00258772211451032
SRX4183208_SRR7279583	SRX4183208_SRR7279583	0.172669813960516	-0.0541994673738699	-0.0655590617537283	0.0873268459476503	-0.190960508815909
SRX4183211_SRR7279580	SRX4183211_SRR7279580	0.186317718505769	-0.105396001287567	-0.000832706508248838	-0.0564389301101931	-0.0267557847159504
SRX4183212_SRR7279579	SRX4183212_SRR7279579	-0.0526742508802661	-0.0241051069455988	0.0160452398839686	0.0140156043550264	-0.0310172894853017
SRX4183213_SRR7279578	SRX4183213_SRR7279578	-0.0438730207371548	-0.0165346436426396	0.0176360524918134	0.0232156461676296	-0.0271936715747235
SRX4183215_SRR7279576	SRX4183215_SRR7279576	-0.0483940709554795	-0.0198573891834801	0.0108598014896657	0.0103128630989009	-0.0143871845217972
SRX4183216_SRR7279575	SRX4183216_SRR7279575	-0.0528213713890235	-0.02414370418138	0.0154820730441622	0.0126616794900208	-0.0310550675872332
SRX4183217_SRR7279574	SRX4183217_SRR7279574	-0.0504570130798758	-0.0217578884491766	0.0128862407208272	0.0126012121938872	-0.0223680368731012
SRX4183218_SRR7279573	SRX4183218_SRR7279573	-0.0476995659872188	-0.0131023589119126	-0.00468786552507717	-0.0296203996896618	-0.0163045062759678
SRX4183219_SRR7279572	SRX4183219_SRR7279572	-0.0429372094016238	-0.0158337409586357	0.018815252786612	0.0258889224286485	-0.0316382108091183
SRX4183220_SRR7279571	SRX4183220_SRR7279571	-0.0500508783441403	-0.020824466240538	0.00765535142881068	0.00863304875847068	-0.0134497849745637
SRX4183221_SRR7279570	SRX4183221_SRR7279570	-0.0529650734770767	-0.0242929013557053	0.0136604387503013	0.00872059627393362	-0.0238753574599229
SRX4183222_SRR7279569	SRX4183222_SRR7279569	-0.0487581354090153	-0.0120671139541422	-0.00490696399597853	-0.028945931048204	-0.0186849380158117
SRX4183223_SRR7279568	SRX4183223_SRR7279568	0.00641937604893153	0.0704178305147918	-0.060732267069119	-0.0161119320737997	-0.0806320931100667
SRX4183224_SRR7279567	SRX4183224_SRR7279567	0.0323623581371099	0.147641832361547	-0.114067162495593	-0.104758240085532	0.112777910596956
SRX4183226_SRR7279565	SRX4183226_SRR7279565	-0.0571079607094303	-0.0285330619734368	0.0141635075433958	0.00522540698963156	-0.0147293999667404
SRX4183230_SRR7279561	SRX4183230_SRR7279561	0.0159543584949425	0.0244359400649861	-0.0329783746945068	0.0806205251225778	-0.0739763274871987
SRX4183232_SRR7279559	SRX4183232_SRR7279559	-0.0218637544721443	-0.0429508429353361	0.0163096525684514	-0.057106744650789	0.053398325768924
SRX4183233_SRR7279558	SRX4183233_SRR7279558	-0.0394092963654082	-0.0351229160382941	0.0114697852453534	0.0123352011554856	-0.0211521116075471
SRX4183234_SRR7279557	SRX4183234_SRR7279557	-0.0160472740572173	-0.0468459937953934	0.0187764982085152	-0.0647078629151289	0.0619100600588347
SRX4183235_SRR7279556	SRX4183235_SRR7279556	-0.0427581056629959	-0.0157716433343629	0.0190054589004285	0.0252091550221841	-0.0319033236259835
SRX4183236_SRR7279555	SRX4183236_SRR7279555	0.028002678452893	0.0996794117534652	0.00157236656159252	-0.180959013621868	0.0438195314718625
SRX4183240_SRR7279551	SRX4183240_SRR7279551	0.083693666465797	-0.0420244009789929	0.0313138384227404	-0.110119288332629	-0.137969578284415
SRX4183242_SRR7279549	SRX4183242_SRR7279549	-0.00375957379929108	-0.0614981193423405	0.0267636068298564	-0.0971762866178724	0.0960185430090276
SRX4183243_SRR7279548	SRX4183243_SRR7279548	-0.0538030209945225	-0.0250160623993146	0.013013640703572	0.0092412945835215	-0.0217775817506077
SRX4183244_SRR7279547	SRX4183244_SRR7279547	-0.0557042235550101	-0.0266575280706864	0.0142633457834499	0.00820803905261659	-0.0205070182695146
SRX4183250_SRR7279541	SRX4183250_SRR7279541	0.0335920359538398	0.145122283697127	-0.172861698108908	-0.0912644562292627	0.129872415569497
SRX4183251_SRR7279540	SRX4183251_SRR7279540	0.106739849496134	-0.117645396107518	0.0494795759298534	-0.00441200183228275	0.155799757335224
SRX4183252_SRR7279539	SRX4183252_SRR7279539	-0.0528077562347364	-0.0241449244614658	0.0157035459520522	0.0133937765079291	-0.031000357527213
SRX4183253_SRR7279538	SRX4183253_SRR7279538	-0.0525861769240365	-0.0238941564232467	0.015776236396892	0.0139316330844469	-0.0312585101062369
SRX4183256_SRR7279535	SRX4183256_SRR7279535	0.167063560232862	-0.08394541590166	-0.0143624705372718	-0.0379962716768499	-0.0796778580965433
SRX4183257_SRR7279534	SRX4183257_SRR7279534	-0.054626351335386	-0.0264266171386413	0.0109113846077357	0.00401049580162157	-0.0149893414010256
SRX4183259_SRR7279532	SRX4183259_SRR7279532	0.00839817926318256	-0.0717724748917387	0.0338783685628138	-0.0700937097008533	0.162362433101076
SRX4183261_SRR7279530	SRX4183261_SRR7279530	-0.0305527592973519	-0.0269319379523027	0.00375254389138004	0.0244957340576132	-0.0216275795459311
SRX4183265_SRR7279526	SRX4183265_SRR7279526	-0.0148579601389018	0.0420943520112683	-0.0577016802381711	-0.0193039863824855	-0.0173174627148727
SRX4183266_SRR7279525	SRX4183266_SRR7279525	-0.0485166303508804	-0.01257489900766	-0.0048535773531141	-0.0297800813515746	-0.0176345720902242
SRX4183267_SRR7279524	SRX4183267_SRR7279524	-0.0384029117306326	-0.0322581080533994	0.00430998525892788	-0.0573085570404925	0.000822486958524543
SRX4183268_SRR7279523	SRX4183268_SRR7279523	-0.0386090972584973	-0.0318806583041144	0.00265056700283618	-0.057917842109897	0.00592376937322983
SRX4183272_SRR7279519	SRX4183272_SRR7279519	-0.0435107305901834	-0.00207176611451198	0.00466155066390381	-0.0327291011452449	-0.0312502487319971
SRX4183274_SRR7279517	SRX4183274_SRR7279517	-0.0502472175721607	-0.0172641089965308	0.00934245974355721	-0.00286872836218961	-0.021233614751057
SRX4183277_SRR7279514	SRX4183277_SRR7279514	-0.0180248635237621	0.0322086499034849	-0.0870939781656571	-0.010761222031703	0.015169680073077
SRX4183278_SRR7279513	SRX4183278_SRR7279513	0.0373582772029058	0.145332442865725	-0.0686136733934907	-0.129392661488068	0.0860649201167531
SRX4183279_SRR7279512	SRX4183279_SRR7279512	0.0381477977096886	0.102451064551921	0.0297464885602979	0.060710825717255	-0.0751061759260425
SRX4183280_SRR7279511	SRX4183280_SRR7279511	0.0305350314064367	0.142286690934856	0.0261106293844252	-0.0677191116882433	-0.0208918779759084
SRX4183281_SRR7279510	SRX4183281_SRR7279510	0.0145588091492682	0.114378716537708	-0.122019696505479	-0.0979413296287647	0.156779451760314
SRX4183283_SRR7279508	SRX4183283_SRR7279508	-0.015504658532515	0.0294368926316775	-0.129258711555576	0.0139750379847447	0.0287040422694933
SRX4183285_SRR7279506	SRX4183285_SRR7279506	0.207572700330843	-0.110060116012804	-0.00322039363305627	-0.0673005745935244	-0.103838344508011
SRX4183286_SRR7279505	SRX4183286_SRR7279505	0.221597980123883	-0.126848688987597	0.0110692692361711	-0.0710101578956657	0.00297452532283875
SRX4183289_SRR7279502	SRX4183289_SRR7279502	-0.0535392157246947	-0.0249417096345646	0.0146062782511623	0.00885749304624478	-0.0162141882326408
SRX4183291_SRR7279500	SRX4183291_SRR7279500	0.0418747162982285	0.148508927615067	-0.102652167094302	-0.112928042875994	0.095156495817345
SRX4183293_SRR7279498	SRX4183293_SRR7279498	-0.0401626966939226	-0.0288266717867353	0.00385664030128646	-0.0464946288719588	-0.00284955913347496
SRX4183295_SRR7279496	SRX4183295_SRR7279496	-0.0389388746711684	-0.0286334696271171	-0.00031672033114365	-0.0576278839973174	-0.00187171568421304
SRX4183296_SRR7279495	SRX4183296_SRR7279495	-0.0377662267154981	-0.0296230093538158	0.00143022227263096	-0.0581857059231096	-0.00280022711575552
SRX4183297_SRR7279494	SRX4183297_SRR7279494	-0.0564165620676949	-0.0272983234339608	0.0113997357135596	0.00367161276570822	-0.01078444488927
SRX4183299_SRR7279492	SRX4183299_SRR7279492	-0.0364289938389365	-0.00965245275055544	0.0071069184572302	0.0202802473002568	-0.000821687168282816
SRX4183300_SRR7279491	SRX4183300_SRR7279491	-0.0540814515219887	-0.0252230958797926	0.0123973567978105	0.00389815634247478	-0.0195748349315523
SRX4183302_SRR7279489	SRX4183302_SRR7279489	0.0107457375876762	0.0670081306294193	-0.154913771469478	0.0125692860328351	0.00987549104135913
SRX4183305_SRR7279486	SRX4183305_SRR7279486	-0.0190406822285405	0.0373057472284278	-0.0425331161643644	-0.0286497164020225	-0.0925530700091281
SRX4183306_SRR7279485	SRX4183306_SRR7279485	-0.0143637840387176	0.031449499876181	-0.133391565529264	0.0140871148217518	0.0301737416007709
SRX4183307_SRR7279484	SRX4183307_SRR7279484	-0.0270652152050994	0.0188397162363311	-0.0123538895338668	-0.0323200371687448	-0.0533652065434067
SRX4183308_SRR7279483	SRX4183308_SRR7279483	0.0449171093162083	0.0533945102394033	-0.165891332996981	0.0702289181986425	-0.00937115428026622
SRX698517_SRR1572375	SRX698517_SRR1572375	-0.0162093928386079	-0.0496768225089853	0.0236794851626145	-0.0345758262649846	0.0712971628014277
SRX25322143_SRR29823272_150bp_filtered	SRX25322143_SRR29823272_150bp_filtered	-0.0563163000534806	-0.029871462484157	0.0132573100621885	0.00500430262977201	-0.00922037799015049
SRX6610777_SRR9856933_150bp_filtered	SRX6610777_SRR9856933_150bp_filtered	-0.0258342782610354	-0.040458516417597	0.0242226484967924	-0.0132041305805243	0.0580157612751758
SRX6917688_SRR10197546_150bp_filtered	SRX6917688_SRR10197546_150bp_filtered	-0.0449084856277251	-0.0327013638703906	0.0157532903668409	-0.0163612359540356	-0.00448066637697572
SRX6919144_SRR10199004_150bp_filtered	SRX6919144_SRR10199004_150bp_filtered	-0.05444550961149	-0.0288831560998461	0.0157213402021951	0.00710136177897311	0.000176372458755995
SRX6919145_SRR10199003_150bp_filtered	SRX6919145_SRR10199003_150bp_filtered	-0.0483764785970929	-0.0300980314567159	0.0211232759594442	0.0105018990955856	0.0062642656958981
SRX6928074_SRR10208148_150bp_filtered	SRX6928074_SRR10208148_150bp_filtered	-0.0494738554768443	-0.0304988849809167	0.0211819731382321	0.00931125781822602	0.00665279260377956
SRX6934190_SRR10214512_150bp_filtered	SRX6934190_SRR10214512_150bp_filtered	-0.0448449176216077	-0.0265051966522352	0.0185261752704313	0.00976388776595148	0.00557218391117692
SRX6934191_SRR10214511_150bp_filtered	SRX6934191_SRR10214511_150bp_filtered	-0.0468720427223749	-0.0287355477197267	0.0209165367048505	0.011034754241871	0.00693056461450195
SRX6942209_SRR10222608_150bp_filtered	SRX6942209_SRR10222608_150bp_filtered	0.10575023097149	-0.0598794822659263	0.00436640691186246	0.0422335551017924	0.00152747866991838
SRX6942210_SRR10222607_150bp_filtered	SRX6942210_SRR10222607_150bp_filtered	0.161654421424344	-0.106166387705303	0.0347814170085566	-0.0316453123953822	0.0696524138846542
SRX6942211_SRR10222606_150bp_filtered	SRX6942211_SRR10222606_150bp_filtered	0.123954035872793	-0.0509509574430088	-0.0216642726122401	0.053951963035437	0.0172743312594443
SRX6949680_SRR10230187_150bp_filtered	SRX6949680_SRR10230187_150bp_filtered	0.0875912339231829	-0.0838073212374332	0.0342113069298615	0.00900312946293218	0.0354975359564008
SRX6949681_SRR10230186_150bp_filtered	SRX6949681_SRR10230186_150bp_filtered	0.0443793225773313	0.152670563908022	0.159325946694106	-0.0103027366571406	-0.0408311104887389
SRX6949683_SRR10230184_150bp_filtered	SRX6949683_SRR10230184_150bp_filtered	0.165846899125239	-0.113467243830224	0.0433101782088895	-0.0495275846698681	0.12480593933445
SRX6949684_SRR10230183_150bp_filtered	SRX6949684_SRR10230183_150bp_filtered	0.209916459304469	-0.134194086210388	0.0256995863189412	-0.0897899680720131	0.0314772144118024
SRX6949685_SRR10230182_150bp_filtered	SRX6949685_SRR10230182_150bp_filtered	0.114316793041643	0.0100614828135488	0.0570954377048655	-0.00416764174951003	0.00962605476209413
SRX6949686_SRR10230181_150bp_filtered	SRX6949686_SRR10230181_150bp_filtered	0.178418764026681	-0.114776874546133	0.031473742088954	-0.0518929595017811	0.0543726419109565
SRX6949687_SRR10230180_150bp_filtered	SRX6949687_SRR10230180_150bp_filtered	0.181252532270247	-0.122899416922826	0.0438080266536523	-0.0561765711228058	0.126337770980594
SRX6960104_SRR10241444_150bp_filtered	SRX6960104_SRR10241444_150bp_filtered	0.0405174357834642	0.0434743117809646	0.0867262386100841	0.217585756012509	0.166765479720145
SRX6960107_SRR10241441_150bp_filtered	SRX6960107_SRR10241441_150bp_filtered	0.047838990482221	0.050079696870491	0.0945335987746227	0.234619233711075	0.181442688950481
SRX6960108_SRR10241440_150bp_filtered	SRX6960108_SRR10241440_150bp_filtered	0.0632257320079874	0.0673009434496562	0.104922035098008	0.253963419406976	0.190464881243516
SRX6960109_SRR10241439_150bp_filtered	SRX6960109_SRR10241439_150bp_filtered	0.051037063946843	0.0534002354845997	0.0992334062799308	0.243261568323061	0.18781366659724
SRX7000501_SRR10287515_150bp_filtered	SRX7000501_SRR10287515_150bp_filtered	0.040277527087703	0.0450288100031642	0.0951940321511409	0.226996313174732	0.176930188467033
SRX7000502_SRR10287514_150bp_filtered	SRX7000502_SRR10287514_150bp_filtered	0.0351165816237011	0.0378775862725439	0.0865676077465878	0.215600369370705	0.169513590108033
SRX7000504_SRR10287512_150bp_filtered	SRX7000504_SRR10287512_150bp_filtered	0.0483443046737713	0.0507049269349166	0.102309263147466	0.247861966329645	0.196368945058831
SRX7024213_SRR10313089_150bp_filtered	SRX7024213_SRR10313089_150bp_filtered	0.092990534005267	0.00846878999236121	-0.0759925033732158	0.160693414299864	-0.0618720201076061
SRX7024214_SRR10313088_150bp_filtered	SRX7024214_SRR10313088_150bp_filtered	0.185663918590611	-0.12710235161308	0.0410685846005125	-0.0554150871719256	0.093917193319117
SRX7024215_SRR10313087_150bp_filtered	SRX7024215_SRR10313087_150bp_filtered	0.0472809255903419	0.166662768855016	0.172484691681358	-0.0253938733934298	-0.0524782860576815
SRX7024217_SRR10313085_150bp_filtered	SRX7024217_SRR10313085_150bp_filtered	0.131607147235689	-0.0794317477967204	0.0188460475767109	0.00305847592696983	0.00582225193238054
SRX7053417_SRR10343557_150bp_filtered	SRX7053417_SRR10343557_150bp_filtered	-0.0202904586548492	-0.0538765052628694	0.0185155234336573	-0.0485452779615371	0.0932321137422652
SRX7053422_SRR10343552_150bp_filtered	SRX7053422_SRR10343552_150bp_filtered	-0.0147991812350986	0.0332354765876868	-0.0273272263022595	-0.0341110726120809	-0.00252525134756182
SRX7437645_SRR10763456_150bp_filtered	SRX7437645_SRR10763456_150bp_filtered	0.029574278325592	-0.0446021419301139	0.0275041527697169	-0.00645081595731509	0.0889322951865913
SRX7437647_SRR10763454_150bp_filtered	SRX7437647_SRR10763454_150bp_filtered	0.0279331103923475	0.0148046983534526	-0.0500172420085617	0.117892086228035	-0.0529708382182534
SRX7437648_SRR10763453_150bp_filtered	SRX7437648_SRR10763453_150bp_filtered	-0.0255905597482656	-0.0188649209941784	0.015499424173498	0.0194658774634903	0.00646729994737287
SRX7437650_SRR10763451_150bp_filtered	SRX7437650_SRR10763451_150bp_filtered	-0.0364531804071624	-0.0153592162247238	0.0248564878290602	0.0358613853800331	-0.0105439627029726
SRX7713266_SRR11073834_150bp_filtered	SRX7713266_SRR11073834_150bp_filtered	-0.0539566155621177	-0.0283625954271871	0.0153711176324411	0.00726194768501139	-0.00152295113017763
SRX7713268_SRR11073832_150bp_filtered	SRX7713268_SRR11073832_150bp_filtered	-0.0519963623123993	-0.0287101418834941	0.0155539900154655	0.00736320763650093	-0.00125612514511363
SRX7713269_SRR11073831_150bp_filtered	SRX7713269_SRR11073831_150bp_filtered	-0.0454551588709628	-0.0330364653188207	0.0184104395528223	0.00696572176134588	0.00571523249144403
SRX7713270_SRR11073830_150bp_filtered	SRX7713270_SRR11073830_150bp_filtered	-0.0559875992701124	-0.028996519693806	0.0133935634636983	0.00619220240084218	-0.00148782875801501
SRX7713271_SRR11073829_150bp_filtered	SRX7713271_SRR11073829_150bp_filtered	-0.0488191915579767	-0.0304624117607231	0.0212140838723471	0.0106476300251237	0.00619827404994513
SRX7713272_SRR11073828_150bp_filtered	SRX7713272_SRR11073828_150bp_filtered	-0.0551811520298891	-0.0290176059008834	0.0153618275454033	0.00723609898069414	-0.00163213898543812
SRX7732004_SRR11093197_150bp_filtered	SRX7732004_SRR11093197_150bp_filtered	-0.0528161313104092	-0.0278720865796124	0.0172871484378697	0.0119166123958283	-0.00401887212365822
SRX7732005_SRR11093196_150bp_filtered	SRX7732005_SRR11093196_150bp_filtered	-0.0457164730317625	-0.0254166946775137	0.0162758983143368	0.011485773892237	0.00258068882819837
SRX7732006_SRR11093195_150bp_filtered	SRX7732006_SRR11093195_150bp_filtered	-0.0533086171474281	-0.0278048747834576	0.0138637704226808	0.00606108163851521	3.31376336680543e-05
SRX7732007_SRR11093194_150bp_filtered	SRX7732007_SRR11093194_150bp_filtered	-0.0542257012622396	-0.0285087255799636	0.0168846334727828	0.0103134241969115	-0.00550146703997557
SRX7732008_SRR11093193_150bp_filtered	SRX7732008_SRR11093193_150bp_filtered	-0.0534731461398649	-0.0275659050907362	0.0174891412752988	0.00979773896965829	-0.003622606174816
SRX7732009_SRR11093192_150bp_filtered	SRX7732009_SRR11093192_150bp_filtered	-0.0530095631975131	-0.0276778968196928	0.014008961809255	0.00639633119228724	-0.000530506720590988
SRX7732013_SRR11093188_150bp_filtered	SRX7732013_SRR11093188_150bp_filtered	-0.0446883424719712	-0.0264145184980225	0.0184052113337053	0.00955613372850164	0.00607598725768421
SRX7732014_SRR11093187_150bp_filtered	SRX7732014_SRR11093187_150bp_filtered	-0.0534698513378128	-0.0290342508235595	0.0153967825679835	0.00724348181114471	-0.000373475351238668
SRX7732015_SRR11093186_150bp_filtered	SRX7732015_SRR11093186_150bp_filtered	-0.0539137276305343	-0.0284985229255733	0.0158078828517547	0.007908599798137	-0.000741585576964145
SRX7732016_SRR11093185_150bp_filtered	SRX7732016_SRR11093185_150bp_filtered	-0.0502474255509065	-0.0269465840375769	0.0141841326431353	0.00674384651968101	-0.000665062520403893
SRX7732017_SRR11093184_150bp_filtered	SRX7732017_SRR11093184_150bp_filtered	-0.0523723506227071	-0.0295250459184823	0.0151738087282408	0.00840196137827593	0.000519194021647884
SRX7732018_SRR11093183_150bp_filtered	SRX7732018_SRR11093183_150bp_filtered	-0.0523426210916747	-0.027138559457527	0.0137866716807838	0.00661863033644325	-0.00132905110041987
SRX7732019_SRR11093182_150bp_filtered	SRX7732019_SRR11093182_150bp_filtered	-0.0545628853438247	-0.0282713951573498	0.0167847392916142	0.0106374350838279	-0.00673781015000213
SRX7732020_SRR11093181_150bp_filtered	SRX7732020_SRR11093181_150bp_filtered	-0.045637785264639	-0.0333074401206658	0.0134343302414464	-0.0182085872777897	0.00746411618084559
SRX7735877_SRR11097111_150bp_filtered	SRX7735877_SRR11097111_150bp_filtered	-0.0124858130821032	0.041078161849377	-0.00699184259662166	-0.0234659478940353	0.0278445063935527
SRX7735879_SRR11097109_150bp_filtered	SRX7735879_SRR11097109_150bp_filtered	0.124618935279869	-0.0930221259569872	0.0403406977618796	-0.0245278558580273	0.105473098774342
SRX7750520_SRR11113513_150bp_filtered	SRX7750520_SRR11113513_150bp_filtered	-0.0517063534683484	-0.0304425170206318	0.0163651905275138	0.00736597387842132	-0.00446935531989846
SRX7750523_SRR11113510_150bp_filtered	SRX7750523_SRR11113510_150bp_filtered	-0.0455678061587117	-0.0240848238053527	0.0119207000353468	0.00240221918602943	0.0122874546994797
SRX7806912_SRR11186635_150bp_filtered	SRX7806912_SRR11186635_150bp_filtered	0.0379046709865071	0.115740099668724	0.139307325461219	0.0847871687219482	0.0947577355369558
SRX7806918_SRR11186629_150bp_filtered	SRX7806918_SRR11186629_150bp_filtered	-0.0297344932567662	0.00959171570840348	-0.0437640167069637	-0.0129996378894062	0.0434421335192094
SRX7814380_SRR11194343_150bp_filtered	SRX7814380_SRR11194343_150bp_filtered	0.0410498524852512	0.161718357296075	0.129738226966092	-0.0255032503646192	-0.0574180118990596
